{
 "cells": [
  {
   "cell_type": "code",
   "execution_count": null,
   "metadata": {},
   "outputs": [],
   "source": [
    "import uproot\n",
    "file = uproot.open(\"ZH_HCC_ZLL_NanoV9_2017_867C.root\")\n",
    "file.classnames()"
   ]
  },
  {
   "cell_type": "code",
   "execution_count": null,
   "metadata": {},
   "outputs": [],
   "source": [
    "tree = file[\"Events\"]\n",
    "tree.keys()"
   ]
  },
  {
   "cell_type": "code",
   "execution_count": null,
   "metadata": {},
   "outputs": [],
   "source": [
    "branches = tree.arrays()\n",
    "# print(len(branches))"
   ]
  },
  {
   "cell_type": "markdown",
   "metadata": {},
   "source": [
    "Masking Muons"
   ]
  },
  {
   "cell_type": "code",
   "execution_count": null,
   "metadata": {},
   "outputs": [],
   "source": [
    "# double_muon_mask = branches[\"nMuon\"] > 1\n",
    "# print(double_muon_mask)\n",
    "# print(branches[\"nMuon\"][double_muon_mask])\n",
    "\n",
    "# import numpy as np\n",
    "# np.sum(branches[\"nMuon\"][double_muon_mask])\n",
    "\n",
    "pt_mask = branches[\"Muon_pt\"] > 25\n",
    "eta_mask = abs(branches[\"Muon_eta\"]) < 2.4\n",
    "# print(pt_mask)\n",
    "# print(eta_mask)\n",
    "pt_eta_mask = pt_mask & eta_mask\n",
    "print(pt_eta_mask)\n",
    "\n",
    "muon_mask = [sum(1 if value else 0 for value in boolean) for boolean in pt_eta_mask]\n",
    "print(muon_mask)\n",
    "muon_mask = [x > 1 for x in muon_mask]\n",
    "print(muon_mask)"
   ]
  },
  {
   "cell_type": "markdown",
   "metadata": {},
   "source": [
    "Finding the 4-Vector of Muons"
   ]
  },
  {
   "cell_type": "code",
   "execution_count": null,
   "metadata": {},
   "outputs": [],
   "source": [
    "import numpy as np\n",
    "import matplotlib.pyplot as plt\n",
    "from pylorentz import Momentum4\n",
    "\n",
    "Muon1_mass = np.array([sublist[0] for sublist in branches[\"Muon_mass\"][muon_mask]])\n",
    "Muon1_eta = np.array([sublist[0] for sublist in branches[\"Muon_eta\"][muon_mask]])\n",
    "Muon1_phi = np.array([sublist[0] for sublist in branches[\"Muon_phi\"][muon_mask]])\n",
    "Muon1_pt = np.array([sublist[0] for sublist in branches[\"Muon_pt\"][muon_mask]])\n",
    "\n",
    "Muon2_mass = np.array([sublist[1] for sublist in branches[\"Muon_mass\"][muon_mask]])\n",
    "Muon2_eta = np.array([sublist[1] for sublist in branches[\"Muon_eta\"][muon_mask]])\n",
    "Muon2_phi = np.array([sublist[1] for sublist in branches[\"Muon_phi\"][muon_mask]])\n",
    "Muon2_pt = np.array([sublist[1] for sublist in branches[\"Muon_pt\"][muon_mask]])\n",
    "\n",
    "Muon1 = Momentum4.m_eta_phi_pt(Muon1_mass, Muon1_eta, Muon1_phi, Muon1_pt)\n",
    "Muon2 = Momentum4.m_eta_phi_pt(Muon2_mass, Muon2_eta, Muon2_phi, Muon2_pt)\n",
    "\n",
    "M = Muon1 + Muon2\n",
    "print(M.m)\n",
    "len(M.m)"
   ]
  },
  {
   "cell_type": "markdown",
   "metadata": {},
   "source": [
    "Invariant Mass of Z boson"
   ]
  },
  {
   "cell_type": "code",
   "execution_count": null,
   "metadata": {},
   "outputs": [],
   "source": [
    "plt.hist(M.m, label = \"Muon $p_{\\mathrm{T}}$ > 25, Muon $|\\eta| < 2.4$\", bins = 50, range = (0, 300))\n",
    "plt.xlabel(\"Z boson $M_{\\t{inv}}$\")\n",
    "plt.ylabel(\"Number of events\")\n",
    "plt.legend()\n",
    "plt.show()"
   ]
  },
  {
   "cell_type": "markdown",
   "metadata": {},
   "source": [
    "Transverse Momentum of Z boson"
   ]
  },
  {
   "cell_type": "code",
   "execution_count": null,
   "metadata": {},
   "outputs": [],
   "source": [
    "plt.hist(M.p_t, label = \"Muon $p_{\\mathrm{T}}$ > 25, Muon $|\\eta| < 2.4$\", bins = 50, range = (-50, 700))\n",
    "plt.xlabel(\"Z boson $p_{\\mathrm{T}}$ [Gev]\")\n",
    "plt.ylabel(\"Number of events\")\n",
    "plt.legend()"
   ]
  },
  {
   "cell_type": "code",
   "execution_count": null,
   "metadata": {},
   "outputs": [],
   "source": [
    "M.p_x\n",
    "M.p_y"
   ]
  },
  {
   "cell_type": "markdown",
   "metadata": {},
   "source": [
    "pt, eta, phi of Jets"
   ]
  },
  {
   "cell_type": "code",
   "execution_count": null,
   "metadata": {},
   "outputs": [],
   "source": [
    "pt = []\n",
    "eta = []\n",
    "phi = []\n",
    "\n",
    "for i in range(0, len(branches)):\n",
    "    # if i < 10:\n",
    "    #     print(i)\n",
    "    #     print(\"nMuon = \", branches[\"nMuon\"][i], len(branches[\"Muon_pt\"][i]))\n",
    "    #     print(branches[\"Jet_pt\"][i])\n",
    "\n",
    "    # for j in range(0, branches[\"nMuon\"][i]):\n",
    "    #     if i < 10:\n",
    "    #         print(branches[\"Muon_pt\"][i][j])\n",
    "\n",
    "    for j in range(0, len(branches[\"Jet_pt\"][i])):\n",
    "        # if i < 10:\n",
    "        pt.append(branches[\"Jet_pt\"][i][j])\n",
    "\n",
    "    for k in range(0, len(branches[\"Jet_eta\"][i])):\n",
    "        eta.append(branches[\"Jet_eta\"][i][k])\n",
    "\n",
    "    for l in range(0, len(branches[\"Jet_phi\"][i])):\n",
    "        phi.append(branches[\"Jet_phi\"][i][l])\n",
    "\n",
    "plt.hist(pt, bins = 50, range = (0, 200))\n",
    "plt.xlabel(\"Jet $p_{\\mathrm{T}}$ [Gev]\")\n",
    "plt.ylabel(\"Number of jets\")\n",
    "plt.show()\n",
    "\n",
    "plt.hist(eta, bins = 100, range = (-5, 5))\n",
    "plt.xlabel(\"Jet $\\eta$ [rad]\")\n",
    "plt.ylabel(\"Number of jets\")\n",
    "plt.show()\n",
    "\n",
    "plt.hist(phi, bins = 100, range = (-5, 5))\n",
    "plt.xlabel(\"Jet $\\phi$ [rad]\")\n",
    "plt.ylabel(\"Number of jets\")\n",
    "plt.show()"
   ]
  },
  {
   "cell_type": "markdown",
   "metadata": {},
   "source": [
    "Masking Jets"
   ]
  },
  {
   "cell_type": "code",
   "execution_count": null,
   "metadata": {},
   "outputs": [],
   "source": [
    "# double_jet_mask = branches[\"nJet\"] > 1\n",
    "# print(double_jet_mask)\n",
    "# print(branches[\"nJet\"][double_jet_mask])\n",
    "\n",
    "pt_mask = branches[\"Jet_pt\"] > 25\n",
    "eta_mask = abs(branches[\"Jet_eta\"]) < 2.4\n",
    "# print(pt_mask)\n",
    "# print(eta_mask)\n",
    "pt_eta_mask = pt_mask & eta_mask\n",
    "print(pt_eta_mask)\n",
    "\n",
    "jet_mask = [sum(1 if value else 0 for value in boolean) for boolean in pt_eta_mask]\n",
    "print(jet_mask)\n",
    "jet_mask = [x > 1 for x in jet_mask]\n",
    "\n",
    "momentum = [\"Jet_mass\", \"Jet_eta\", \"Jet_phi\", \"Jet_pt\"]\n",
    "\n",
    "for i in momentum:\n",
    "    for j in range(0, 2):\n",
    "        print(f\"{i}{j + 1} = \", [sublist[j] for sublist in branches[i][jet_mask and muon_mask]])"
   ]
  },
  {
   "cell_type": "markdown",
   "metadata": {},
   "source": [
    "Finding the 4-Vector of Jets"
   ]
  },
  {
   "cell_type": "code",
   "execution_count": null,
   "metadata": {},
   "outputs": [],
   "source": [
    "momentum = [\"Jet_mass\", \"Jet_eta\", \"Jet_phi\", \"Jet_pt\"]\n",
    "\n",
    "Jet1_mass = np.array([sublist[0] for sublist in branches[\"Jet_mass\"][jet_mask and muon_mask]])\n",
    "Jet1_eta = np.array([sublist[0] for sublist in branches[\"Jet_eta\"][jet_mask and muon_mask]])\n",
    "Jet1_phi = np.array([sublist[0] for sublist in branches[\"Jet_phi\"][jet_mask and muon_mask]])\n",
    "Jet1_pt = np.array([sublist[0] for sublist in branches[\"Jet_pt\"][jet_mask and muon_mask]])\n",
    "\n",
    "Jet2_mass = np.array([sublist[1] for sublist in branches[\"Jet_mass\"][jet_mask and muon_mask]])\n",
    "Jet2_eta = np.array([sublist[1] for sublist in branches[\"Jet_eta\"][jet_mask and muon_mask]])\n",
    "Jet2_phi = np.array([sublist[1] for sublist in branches[\"Jet_phi\"][jet_mask and muon_mask]])\n",
    "Jet2_pt = np.array([sublist[1] for sublist in branches[\"Jet_pt\"][jet_mask and muon_mask]])\n",
    "\n",
    "Jet1 = Momentum4.m_eta_phi_pt(Jet1_mass, Jet1_eta, Jet1_phi, Jet1_pt)\n",
    "Jet2 = Momentum4.m_eta_phi_pt(Jet2_mass, Jet2_eta, Jet2_phi, Jet2_pt)\n",
    "\n",
    "M = Jet1 + Jet2\n",
    "print(M.m)\n",
    "len(M.m)"
   ]
  },
  {
   "cell_type": "markdown",
   "metadata": {},
   "source": [
    "Invariant Mass of H boson"
   ]
  },
  {
   "cell_type": "code",
   "execution_count": null,
   "metadata": {},
   "outputs": [],
   "source": [
    "plt.hist(M.m, label = \"Jet $p_{\\mathrm{T}}$ > 25, Jet $|\\eta| < 2.4$\", bins = 50, range = (0, 700))\n",
    "plt.xlabel(\"H boson $M_{\\t{inv}}$\")\n",
    "plt.ylabel(\"Number of events\")\n",
    "plt.legend()\n",
    "plt.show()"
   ]
  },
  {
   "cell_type": "markdown",
   "metadata": {},
   "source": [
    "Transverse Momentum of H boson"
   ]
  },
  {
   "cell_type": "code",
   "execution_count": null,
   "metadata": {},
   "outputs": [],
   "source": [
    "plt.hist(M.p_t, label = \"Jet $p_{\\mathrm{T}}$ > 25, Jet $|\\eta| < 2.4$\", bins = 50, range = (0, 500))\n",
    "plt.xlabel(\"H boson $p_{\\mathrm{T}}$ [Gev]\")\n",
    "plt.ylabel(\"Number of events\")\n",
    "plt.legend()"
   ]
  },
  {
   "cell_type": "markdown",
   "metadata": {},
   "source": [
    "Kinematic Fit"
   ]
  },
  {
   "cell_type": "markdown",
   "metadata": {},
   "source": [
    "Trial 1"
   ]
  },
  {
   "cell_type": "code",
   "execution_count": 25,
   "metadata": {},
   "outputs": [
    {
     "name": "stdout",
     "output_type": "stream",
     "text": [
      "tensor([ 45.5411, -26.1582,  -0.8109], dtype=torch.float64,\n",
      "       grad_fn=<StackBackward0>)\n",
      "tensor([ 45.5411, -26.1582,  -0.8109], dtype=torch.float64,\n",
      "       grad_fn=<StackBackward0>)\n",
      "tensor([[0.0100, 0.0000, 0.0000, 0.0000, 0.0000, 0.0000, 0.0000, 0.0000, 0.0000,\n",
      "         0.0000, 0.0000, 0.0000],\n",
      "        [0.0000, 0.0100, 0.0000, 0.0000, 0.0000, 0.0000, 0.0000, 0.0000, 0.0000,\n",
      "         0.0000, 0.0000, 0.0000],\n",
      "        [0.0000, 0.0000, 0.0100, 0.0000, 0.0000, 0.0000, 0.0000, 0.0000, 0.0000,\n",
      "         0.0000, 0.0000, 0.0000],\n",
      "        [0.0000, 0.0000, 0.0000, 0.0100, 0.0000, 0.0000, 0.0000, 0.0000, 0.0000,\n",
      "         0.0000, 0.0000, 0.0000],\n",
      "        [0.0000, 0.0000, 0.0000, 0.0000, 0.0100, 0.0000, 0.0000, 0.0000, 0.0000,\n",
      "         0.0000, 0.0000, 0.0000],\n",
      "        [0.0000, 0.0000, 0.0000, 0.0000, 0.0000, 0.0100, 0.0000, 0.0000, 0.0000,\n",
      "         0.0000, 0.0000, 0.0000],\n",
      "        [0.0000, 0.0000, 0.0000, 0.0000, 0.0000, 0.0000, 0.0100, 0.0000, 0.0000,\n",
      "         0.0000, 0.0000, 0.0000],\n",
      "        [0.0000, 0.0000, 0.0000, 0.0000, 0.0000, 0.0000, 0.0000, 0.0100, 0.0000,\n",
      "         0.0000, 0.0000, 0.0000],\n",
      "        [0.0000, 0.0000, 0.0000, 0.0000, 0.0000, 0.0000, 0.0000, 0.0000, 0.0100,\n",
      "         0.0000, 0.0000, 0.0000],\n",
      "        [0.0000, 0.0000, 0.0000, 0.0000, 0.0000, 0.0000, 0.0000, 0.0000, 0.0000,\n",
      "         0.0100, 0.0000, 0.0000],\n",
      "        [0.0000, 0.0000, 0.0000, 0.0000, 0.0000, 0.0000, 0.0000, 0.0000, 0.0000,\n",
      "         0.0000, 0.0100, 0.0000],\n",
      "        [0.0000, 0.0000, 0.0000, 0.0000, 0.0000, 0.0000, 0.0000, 0.0000, 0.0000,\n",
      "         0.0000, 0.0000, 0.0000]], dtype=torch.float64)\n",
      "tensor([[141.7559, 232.9125,  -8.0770],\n",
      "        [232.9125, 426.7479,  -5.3010],\n",
      "        [ -8.0770,  -5.3010,  32.3413]], dtype=torch.float64)\n",
      "tensor([[ 8.5205e-01,  2.4385e-01,  8.3609e-01, -9.1332e-01,  2.6003e+01,\n",
      "         -2.7806e+01,  9.2508e+01, -6.4547e+01,  0.0000e+00,  0.0000e+00,\n",
      "          0.0000e+00,  0.0000e+00],\n",
      "        [-5.2346e-01,  9.6981e-01, -5.4860e-01,  4.0724e-01,  4.2326e+01,\n",
      "          6.9915e+00,  1.4098e+02, -1.4476e+02,  0.0000e+00,  0.0000e+00,\n",
      "          0.0000e+00,  0.0000e+00],\n",
      "        [ 9.0978e-01,  1.5763e+00,  0.0000e+00,  0.0000e+00, -1.5032e+01,\n",
      "          1.5032e+01,  0.0000e+00,  0.0000e+00,  3.7275e+01, -3.7275e+01,\n",
      "          2.1866e-03,  2.5127e-03]], dtype=torch.float64)\n",
      "tensor([[ 8.5205e-01, -5.2346e-01,  9.0978e-01],\n",
      "        [ 2.4385e-01,  9.6981e-01,  1.5763e+00],\n",
      "        [ 8.3609e-01, -5.4860e-01,  0.0000e+00],\n",
      "        [-9.1332e-01,  4.0724e-01,  0.0000e+00],\n",
      "        [ 2.6003e+01,  4.2326e+01, -1.5032e+01],\n",
      "        [-2.7806e+01,  6.9915e+00,  1.5032e+01],\n",
      "        [ 9.2508e+01,  1.4098e+02,  0.0000e+00],\n",
      "        [-6.4547e+01, -1.4476e+02,  0.0000e+00],\n",
      "        [ 0.0000e+00,  0.0000e+00,  3.7275e+01],\n",
      "        [ 0.0000e+00,  0.0000e+00, -3.7275e+01],\n",
      "        [ 0.0000e+00,  0.0000e+00,  2.1866e-03],\n",
      "        [ 0.0000e+00,  0.0000e+00,  2.5127e-03]], dtype=torch.float64)\n",
      "tensor([[141.7559, 232.9125,  -8.0770],\n",
      "        [232.9125, 426.7479,  -5.3010],\n",
      "        [ -8.0770,  -5.3010,  32.3413]], dtype=torch.float64)\n",
      "tensor([[ 8.5205e-01,  2.4385e-01,  8.3609e-01, -9.1332e-01,  2.6003e+01,\n",
      "         -2.7806e+01,  9.2508e+01, -6.4547e+01,  0.0000e+00,  0.0000e+00,\n",
      "          0.0000e+00,  0.0000e+00],\n",
      "        [-5.2346e-01,  9.6981e-01, -5.4860e-01,  4.0724e-01,  4.2326e+01,\n",
      "          6.9915e+00,  1.4098e+02, -1.4476e+02,  0.0000e+00,  0.0000e+00,\n",
      "          0.0000e+00,  0.0000e+00],\n",
      "        [ 9.0978e-01,  1.5763e+00,  0.0000e+00,  0.0000e+00, -1.5032e+01,\n",
      "          1.5032e+01,  0.0000e+00,  0.0000e+00,  3.7275e+01, -3.7275e+01,\n",
      "          2.1866e-03,  2.5127e-03]], dtype=torch.float64)\n",
      "tensor([[ 4.9676e+01],\n",
      "        [ 2.8671e+01],\n",
      "        [ 1.6862e+02],\n",
      "        [ 1.5850e+02],\n",
      "        [-5.5090e-01],\n",
      "        [ 1.3245e+00],\n",
      "        [-5.8069e-01],\n",
      "        [ 2.7222e+00],\n",
      "        [ 4.8212e-01],\n",
      "        [-1.1140e+00],\n",
      "        [ 1.0565e-01],\n",
      "        [ 1.0571e-01]], dtype=torch.float64, grad_fn=<ViewBackward0>)\n",
      "tensor([[ 45.5411],\n",
      "        [-26.1582],\n",
      "        [ -0.8109]], dtype=torch.float64, grad_fn=<ViewBackward0>)\n",
      "tensor([ 13.2768, -24.1959,  -3.9485], dtype=torch.float64,\n",
      "       grad_fn=<StackBackward0>)\n",
      "tensor([ 13.2768, -24.1959,  -3.9485], dtype=torch.float64,\n",
      "       grad_fn=<StackBackward0>)\n",
      "tensor([[0.0100, 0.0000, 0.0000, 0.0000, 0.0000, 0.0000, 0.0000, 0.0000, 0.0000,\n",
      "         0.0000, 0.0000, 0.0000],\n",
      "        [0.0000, 0.0100, 0.0000, 0.0000, 0.0000, 0.0000, 0.0000, 0.0000, 0.0000,\n",
      "         0.0000, 0.0000, 0.0000],\n",
      "        [0.0000, 0.0000, 0.0100, 0.0000, 0.0000, 0.0000, 0.0000, 0.0000, 0.0000,\n",
      "         0.0000, 0.0000, 0.0000],\n",
      "        [0.0000, 0.0000, 0.0000, 0.0100, 0.0000, 0.0000, 0.0000, 0.0000, 0.0000,\n",
      "         0.0000, 0.0000, 0.0000],\n",
      "        [0.0000, 0.0000, 0.0000, 0.0000, 0.0100, 0.0000, 0.0000, 0.0000, 0.0000,\n",
      "         0.0000, 0.0000, 0.0000],\n",
      "        [0.0000, 0.0000, 0.0000, 0.0000, 0.0000, 0.0100, 0.0000, 0.0000, 0.0000,\n",
      "         0.0000, 0.0000, 0.0000],\n",
      "        [0.0000, 0.0000, 0.0000, 0.0000, 0.0000, 0.0000, 0.0100, 0.0000, 0.0000,\n",
      "         0.0000, 0.0000, 0.0000],\n",
      "        [0.0000, 0.0000, 0.0000, 0.0000, 0.0000, 0.0000, 0.0000, 0.0100, 0.0000,\n",
      "         0.0000, 0.0000, 0.0000],\n",
      "        [0.0000, 0.0000, 0.0000, 0.0000, 0.0000, 0.0000, 0.0000, 0.0000, 0.0100,\n",
      "         0.0000, 0.0000, 0.0000],\n",
      "        [0.0000, 0.0000, 0.0000, 0.0000, 0.0000, 0.0000, 0.0000, 0.0000, 0.0000,\n",
      "         0.0100, 0.0000, 0.0000],\n",
      "        [0.0000, 0.0000, 0.0000, 0.0000, 0.0000, 0.0000, 0.0000, 0.0000, 0.0000,\n",
      "         0.0000, 0.0100, 0.0000],\n",
      "        [0.0000, 0.0000, 0.0000, 0.0000, 0.0000, 0.0000, 0.0000, 0.0000, 0.0000,\n",
      "         0.0000, 0.0000, 0.0000]], dtype=torch.float64)\n",
      "tensor([[4.5551e+02, 2.1354e+02, 5.1590e-02],\n",
      "        [2.1354e+02, 1.1293e+02, 9.6088e-02],\n",
      "        [5.1590e-02, 9.6088e-02, 9.6396e+00]], dtype=torch.float64)\n",
      "tensor([[ 8.5001e-01, -8.5448e-01,  3.8271e-01, -4.3466e-01,  2.6138e+01,\n",
      "         -1.4896e+01,  1.5574e+02, -1.4279e+02,  0.0000e+00,  0.0000e+00,\n",
      "          0.0000e+00,  0.0000e+00],\n",
      "        [-5.2676e-01,  5.1949e-01, -9.2387e-01,  9.0059e-01,  4.2178e+01,\n",
      "         -2.4501e+01,  6.4516e+01, -6.8916e+01,  0.0000e+00,  0.0000e+00,\n",
      "          0.0000e+00,  0.0000e+00],\n",
      "        [ 8.7918e-01,  1.5214e+00,  0.0000e+00,  0.0000e+00,  1.3920e-01,\n",
      "         -1.3920e-01,  0.0000e+00,  0.0000e+00,  2.1918e+01, -2.1918e+01,\n",
      "          2.1644e-03,  2.7497e-03]], dtype=torch.float64)\n",
      "tensor([[ 8.5001e-01, -5.2676e-01,  8.7918e-01],\n",
      "        [-8.5448e-01,  5.1949e-01,  1.5214e+00],\n",
      "        [ 3.8271e-01, -9.2387e-01,  0.0000e+00],\n",
      "        [-4.3466e-01,  9.0059e-01,  0.0000e+00],\n",
      "        [ 2.6138e+01,  4.2178e+01,  1.3920e-01],\n",
      "        [-1.4896e+01, -2.4501e+01, -1.3920e-01],\n",
      "        [ 1.5574e+02,  6.4516e+01,  0.0000e+00],\n",
      "        [-1.4279e+02, -6.8916e+01,  0.0000e+00],\n",
      "        [ 0.0000e+00,  0.0000e+00,  2.1918e+01],\n",
      "        [ 0.0000e+00,  0.0000e+00, -2.1918e+01],\n",
      "        [ 0.0000e+00,  0.0000e+00,  2.1644e-03],\n",
      "        [ 0.0000e+00,  0.0000e+00,  2.7497e-03]], dtype=torch.float64)\n",
      "tensor([[4.5551e+02, 2.1354e+02, 5.1590e-02],\n",
      "        [2.1354e+02, 1.1293e+02, 9.6088e-02],\n",
      "        [5.1590e-02, 9.6088e-02, 9.6396e+00]], dtype=torch.float64)\n",
      "tensor([[ 8.5205e-01,  2.4385e-01,  8.3609e-01, -9.1332e-01,  2.6003e+01,\n",
      "         -2.7806e+01,  9.2508e+01, -6.4547e+01,  0.0000e+00,  0.0000e+00,\n",
      "          0.0000e+00,  0.0000e+00],\n",
      "        [-5.2346e-01,  9.6981e-01, -5.4860e-01,  4.0724e-01,  4.2326e+01,\n",
      "          6.9915e+00,  1.4098e+02, -1.4476e+02,  0.0000e+00,  0.0000e+00,\n",
      "          0.0000e+00,  0.0000e+00],\n",
      "        [ 9.0978e-01,  1.5763e+00,  0.0000e+00,  0.0000e+00, -1.5032e+01,\n",
      "          1.5032e+01,  0.0000e+00,  0.0000e+00,  3.7275e+01, -3.7275e+01,\n",
      "          2.1866e-03,  2.5127e-03]], dtype=torch.float64)\n",
      "tensor([[ 4.9676e+01],\n",
      "        [ 2.8671e+01],\n",
      "        [ 1.6862e+02],\n",
      "        [ 1.5850e+02],\n",
      "        [-5.5090e-01],\n",
      "        [ 1.3245e+00],\n",
      "        [-5.8069e-01],\n",
      "        [ 2.7222e+00],\n",
      "        [ 4.8212e-01],\n",
      "        [-1.1140e+00],\n",
      "        [ 1.0565e-01],\n",
      "        [ 1.0571e-01]], dtype=torch.float64, grad_fn=<ViewBackward0>)\n",
      "tensor([[ 13.2768],\n",
      "        [-24.1959],\n",
      "        [ -3.9485]], dtype=torch.float64, grad_fn=<ViewBackward0>)\n",
      "tensor([ 34.1255, -45.4059, -21.3896], dtype=torch.float64,\n",
      "       grad_fn=<StackBackward0>)\n",
      "tensor([ 34.1255, -45.4059, -21.3896], dtype=torch.float64,\n",
      "       grad_fn=<StackBackward0>)\n",
      "tensor([[0.0100, 0.0000, 0.0000, 0.0000, 0.0000, 0.0000, 0.0000, 0.0000, 0.0000,\n",
      "         0.0000, 0.0000, 0.0000],\n",
      "        [0.0000, 0.0100, 0.0000, 0.0000, 0.0000, 0.0000, 0.0000, 0.0000, 0.0000,\n",
      "         0.0000, 0.0000, 0.0000],\n",
      "        [0.0000, 0.0000, 0.0100, 0.0000, 0.0000, 0.0000, 0.0000, 0.0000, 0.0000,\n",
      "         0.0000, 0.0000, 0.0000],\n",
      "        [0.0000, 0.0000, 0.0000, 0.0100, 0.0000, 0.0000, 0.0000, 0.0000, 0.0000,\n",
      "         0.0000, 0.0000, 0.0000],\n",
      "        [0.0000, 0.0000, 0.0000, 0.0000, 0.0100, 0.0000, 0.0000, 0.0000, 0.0000,\n",
      "         0.0000, 0.0000, 0.0000],\n",
      "        [0.0000, 0.0000, 0.0000, 0.0000, 0.0000, 0.0100, 0.0000, 0.0000, 0.0000,\n",
      "         0.0000, 0.0000, 0.0000],\n",
      "        [0.0000, 0.0000, 0.0000, 0.0000, 0.0000, 0.0000, 0.0100, 0.0000, 0.0000,\n",
      "         0.0000, 0.0000, 0.0000],\n",
      "        [0.0000, 0.0000, 0.0000, 0.0000, 0.0000, 0.0000, 0.0000, 0.0100, 0.0000,\n",
      "         0.0000, 0.0000, 0.0000],\n",
      "        [0.0000, 0.0000, 0.0000, 0.0000, 0.0000, 0.0000, 0.0000, 0.0000, 0.0100,\n",
      "         0.0000, 0.0000, 0.0000],\n",
      "        [0.0000, 0.0000, 0.0000, 0.0000, 0.0000, 0.0000, 0.0000, 0.0000, 0.0000,\n",
      "         0.0100, 0.0000, 0.0000],\n",
      "        [0.0000, 0.0000, 0.0000, 0.0000, 0.0000, 0.0000, 0.0000, 0.0000, 0.0000,\n",
      "         0.0000, 0.0100, 0.0000],\n",
      "        [0.0000, 0.0000, 0.0000, 0.0000, 0.0000, 0.0000, 0.0000, 0.0000, 0.0000,\n",
      "         0.0000, 0.0000, 0.0000]], dtype=torch.float64)\n",
      "tensor([[175.8369, 227.6051,  -7.3492],\n",
      "        [227.6051, 392.6469,  -7.2164],\n",
      "        [ -7.3492,  -7.2164,  30.4646]], dtype=torch.float64)\n",
      "tensor([[ 9.7524e-01,  4.2421e-01,  7.2184e-01, -9.3479e-01,  1.0982e+01,\n",
      "         -2.5963e+01,  1.1669e+02, -5.6302e+01,  0.0000e+00,  0.0000e+00,\n",
      "          0.0000e+00,  0.0000e+00],\n",
      "        [-2.2115e-01,  9.0556e-01, -6.9206e-01,  3.5519e-01,  4.8429e+01,\n",
      "          1.2163e+01,  1.2171e+02, -1.4818e+02,  0.0000e+00,  0.0000e+00,\n",
      "          0.0000e+00,  0.0000e+00],\n",
      "        [ 7.0290e-01,  1.2174e+00,  0.0000e+00,  0.0000e+00, -1.9925e+01,\n",
      "          1.9925e+01,  0.0000e+00,  0.0000e+00,  3.3545e+01, -3.3545e+01,\n",
      "          2.7498e-03,  3.3673e-03]], dtype=torch.float64)\n",
      "tensor([[ 9.7524e-01, -2.2115e-01,  7.0290e-01],\n",
      "        [ 4.2421e-01,  9.0556e-01,  1.2174e+00],\n",
      "        [ 7.2184e-01, -6.9206e-01,  0.0000e+00],\n",
      "        [-9.3479e-01,  3.5519e-01,  0.0000e+00],\n",
      "        [ 1.0982e+01,  4.8429e+01, -1.9925e+01],\n",
      "        [-2.5963e+01,  1.2163e+01,  1.9925e+01],\n",
      "        [ 1.1669e+02,  1.2171e+02,  0.0000e+00],\n",
      "        [-5.6302e+01, -1.4818e+02,  0.0000e+00],\n",
      "        [ 0.0000e+00,  0.0000e+00,  3.3545e+01],\n",
      "        [ 0.0000e+00,  0.0000e+00, -3.3545e+01],\n",
      "        [ 0.0000e+00,  0.0000e+00,  2.7498e-03],\n",
      "        [ 0.0000e+00,  0.0000e+00,  3.3673e-03]], dtype=torch.float64)\n",
      "tensor([[175.8369, 227.6051,  -7.3492],\n",
      "        [227.6051, 392.6469,  -7.2164],\n",
      "        [ -7.3492,  -7.2164,  30.4646]], dtype=torch.float64)\n",
      "tensor([[ 8.5205e-01,  2.4385e-01,  8.3609e-01, -9.1332e-01,  2.6003e+01,\n",
      "         -2.7806e+01,  9.2508e+01, -6.4547e+01,  0.0000e+00,  0.0000e+00,\n",
      "          0.0000e+00,  0.0000e+00],\n",
      "        [-5.2346e-01,  9.6981e-01, -5.4860e-01,  4.0724e-01,  4.2326e+01,\n",
      "          6.9915e+00,  1.4098e+02, -1.4476e+02,  0.0000e+00,  0.0000e+00,\n",
      "          0.0000e+00,  0.0000e+00],\n",
      "        [ 9.0978e-01,  1.5763e+00,  0.0000e+00,  0.0000e+00, -1.5032e+01,\n",
      "          1.5032e+01,  0.0000e+00,  0.0000e+00,  3.7275e+01, -3.7275e+01,\n",
      "          2.1866e-03,  2.5127e-03]], dtype=torch.float64)\n",
      "tensor([[ 4.9676e+01],\n",
      "        [ 2.8671e+01],\n",
      "        [ 1.6862e+02],\n",
      "        [ 1.5850e+02],\n",
      "        [-5.5090e-01],\n",
      "        [ 1.3245e+00],\n",
      "        [-5.8069e-01],\n",
      "        [ 2.7222e+00],\n",
      "        [ 4.8212e-01],\n",
      "        [-1.1140e+00],\n",
      "        [ 1.0565e-01],\n",
      "        [ 1.0571e-01]], dtype=torch.float64, grad_fn=<ViewBackward0>)\n",
      "tensor([[ 34.1255],\n",
      "        [-45.4059],\n",
      "        [-21.3896]], dtype=torch.float64, grad_fn=<ViewBackward0>)\n",
      "tensor([13.5478, -9.4668, -1.7023], dtype=torch.float64,\n",
      "       grad_fn=<StackBackward0>)\n",
      "tensor([13.5478, -9.4668, -1.7023], dtype=torch.float64,\n",
      "       grad_fn=<StackBackward0>)\n",
      "tensor([[0.0100, 0.0000, 0.0000, 0.0000, 0.0000, 0.0000, 0.0000, 0.0000, 0.0000,\n",
      "         0.0000, 0.0000, 0.0000],\n",
      "        [0.0000, 0.0100, 0.0000, 0.0000, 0.0000, 0.0000, 0.0000, 0.0000, 0.0000,\n",
      "         0.0000, 0.0000, 0.0000],\n",
      "        [0.0000, 0.0000, 0.0100, 0.0000, 0.0000, 0.0000, 0.0000, 0.0000, 0.0000,\n",
      "         0.0000, 0.0000, 0.0000],\n",
      "        [0.0000, 0.0000, 0.0000, 0.0100, 0.0000, 0.0000, 0.0000, 0.0000, 0.0000,\n",
      "         0.0000, 0.0000, 0.0000],\n",
      "        [0.0000, 0.0000, 0.0000, 0.0000, 0.0100, 0.0000, 0.0000, 0.0000, 0.0000,\n",
      "         0.0000, 0.0000, 0.0000],\n",
      "        [0.0000, 0.0000, 0.0000, 0.0000, 0.0000, 0.0100, 0.0000, 0.0000, 0.0000,\n",
      "         0.0000, 0.0000, 0.0000],\n",
      "        [0.0000, 0.0000, 0.0000, 0.0000, 0.0000, 0.0000, 0.0100, 0.0000, 0.0000,\n",
      "         0.0000, 0.0000, 0.0000],\n",
      "        [0.0000, 0.0000, 0.0000, 0.0000, 0.0000, 0.0000, 0.0000, 0.0100, 0.0000,\n",
      "         0.0000, 0.0000, 0.0000],\n",
      "        [0.0000, 0.0000, 0.0000, 0.0000, 0.0000, 0.0000, 0.0000, 0.0000, 0.0100,\n",
      "         0.0000, 0.0000, 0.0000],\n",
      "        [0.0000, 0.0000, 0.0000, 0.0000, 0.0000, 0.0000, 0.0000, 0.0000, 0.0000,\n",
      "         0.0100, 0.0000, 0.0000],\n",
      "        [0.0000, 0.0000, 0.0000, 0.0000, 0.0000, 0.0000, 0.0000, 0.0000, 0.0000,\n",
      "         0.0000, 0.0100, 0.0000],\n",
      "        [0.0000, 0.0000, 0.0000, 0.0000, 0.0000, 0.0000, 0.0000, 0.0000, 0.0000,\n",
      "         0.0000, 0.0000, 0.0000]], dtype=torch.float64)\n",
      "tensor([[427.9954, 220.0778,  -5.5519],\n",
      "        [220.0778, 140.4874,  -7.8162],\n",
      "        [ -5.5519,  -7.8162,  27.2378]], dtype=torch.float64)\n",
      "tensor([[ 9.7386e-01, -2.3652e-01,  3.6206e-01, -5.6194e-01,  1.1280e+01,\n",
      "         -2.7858e+01,  1.5717e+02, -1.3112e+02,  0.0000e+00,  0.0000e+00,\n",
      "          0.0000e+00,  0.0000e+00],\n",
      "        [-2.2714e-01,  9.7163e-01, -9.3215e-01,  8.2718e-01,  4.8360e+01,\n",
      "         -6.7814e+00,  6.1047e+01, -8.9078e+01,  0.0000e+00,  0.0000e+00,\n",
      "          0.0000e+00,  0.0000e+00],\n",
      "        [ 9.0114e-01,  1.5607e+00,  0.0000e+00,  0.0000e+00, -1.4199e+01,\n",
      "          1.4199e+01,  0.0000e+00,  0.0000e+00,  3.4039e+01, -3.4039e+01,\n",
      "          2.1915e-03,  2.5603e-03]], dtype=torch.float64)\n",
      "tensor([[ 9.7386e-01, -2.2714e-01,  9.0114e-01],\n",
      "        [-2.3652e-01,  9.7163e-01,  1.5607e+00],\n",
      "        [ 3.6206e-01, -9.3215e-01,  0.0000e+00],\n",
      "        [-5.6194e-01,  8.2718e-01,  0.0000e+00],\n",
      "        [ 1.1280e+01,  4.8360e+01, -1.4199e+01],\n",
      "        [-2.7858e+01, -6.7814e+00,  1.4199e+01],\n",
      "        [ 1.5717e+02,  6.1047e+01,  0.0000e+00],\n",
      "        [-1.3112e+02, -8.9078e+01,  0.0000e+00],\n",
      "        [ 0.0000e+00,  0.0000e+00,  3.4039e+01],\n",
      "        [ 0.0000e+00,  0.0000e+00, -3.4039e+01],\n",
      "        [ 0.0000e+00,  0.0000e+00,  2.1915e-03],\n",
      "        [ 0.0000e+00,  0.0000e+00,  2.5603e-03]], dtype=torch.float64)\n",
      "tensor([[427.9954, 220.0778,  -5.5519],\n",
      "        [220.0778, 140.4874,  -7.8162],\n",
      "        [ -5.5519,  -7.8162,  27.2378]], dtype=torch.float64)\n",
      "tensor([[ 8.5205e-01,  2.4385e-01,  8.3609e-01, -9.1332e-01,  2.6003e+01,\n",
      "         -2.7806e+01,  9.2508e+01, -6.4547e+01,  0.0000e+00,  0.0000e+00,\n",
      "          0.0000e+00,  0.0000e+00],\n",
      "        [-5.2346e-01,  9.6981e-01, -5.4860e-01,  4.0724e-01,  4.2326e+01,\n",
      "          6.9915e+00,  1.4098e+02, -1.4476e+02,  0.0000e+00,  0.0000e+00,\n",
      "          0.0000e+00,  0.0000e+00],\n",
      "        [ 9.0978e-01,  1.5763e+00,  0.0000e+00,  0.0000e+00, -1.5032e+01,\n",
      "          1.5032e+01,  0.0000e+00,  0.0000e+00,  3.7275e+01, -3.7275e+01,\n",
      "          2.1866e-03,  2.5127e-03]], dtype=torch.float64)\n",
      "tensor([[ 4.9676e+01],\n",
      "        [ 2.8671e+01],\n",
      "        [ 1.6862e+02],\n",
      "        [ 1.5850e+02],\n",
      "        [-5.5090e-01],\n",
      "        [ 1.3245e+00],\n",
      "        [-5.8069e-01],\n",
      "        [ 2.7222e+00],\n",
      "        [ 4.8212e-01],\n",
      "        [-1.1140e+00],\n",
      "        [ 1.0565e-01],\n",
      "        [ 1.0571e-01]], dtype=torch.float64, grad_fn=<ViewBackward0>)\n",
      "tensor([[13.5478],\n",
      "        [-9.4668],\n",
      "        [-1.7023]], dtype=torch.float64, grad_fn=<ViewBackward0>)\n",
      "tensor([-4.8298, -3.3423,  1.8747], dtype=torch.float64,\n",
      "       grad_fn=<StackBackward0>)\n",
      "tensor([-4.8298, -3.3423,  1.8747], dtype=torch.float64,\n",
      "       grad_fn=<StackBackward0>)\n"
     ]
    }
   ],
   "source": [
    "# generic imports\n",
    "import sys\n",
    "import argparse\n",
    "import numpy as np\n",
    "from tqdm.auto import tqdm\n",
    "from array import array\n",
    "\n",
    "# torch imports\n",
    "import torch\n",
    "\n",
    "# framework imports\n",
    "from kinematic_fitter import KinematicFitter\n",
    "\n",
    "parameters = torch.tensor([Muon1_pt[0], Muon2_pt[0], \n",
    "                           Jet1_pt[0], Jet2_pt[0], \n",
    "                           Muon1_phi[0], Muon2_phi[0],\n",
    "                           Jet1_phi[0], Jet2_phi[0],\n",
    "                           Muon1_eta[0], Muon2_eta[0],\n",
    "                           Muon1_mass[0], Muon2_mass[0]], dtype=torch.float64)\n",
    "\n",
    "\n",
    "# Define the smearing values\n",
    "smear_values = [0.1, 0.1, 0.1, 0.1, 0.1, 0.1, 0.1, 0.1, 0.1, 0.1, 0.1, 0.1]\n",
    "\n",
    "# The covariance matrix initialization\n",
    "n_params = 12\n",
    "covariance_matrix = torch.zeros(n_params, n_params)\n",
    "for i in range(n_params-1):\n",
    "    covariance_matrix[i, i] = smear_values[i]**2\n",
    "\n",
    "def constraint_equations(params: torch.Tensor) -> torch.Tensor:\n",
    "    # Constant parameters\n",
    "    mass_z = torch.tensor(91.2).double()\n",
    "\n",
    "    px1 = params[0]*torch.cos(params[4])\n",
    "    px2 = params[1]*torch.cos(params[5])\n",
    "\n",
    "    py1 = params[0]*torch.sin(params[4])\n",
    "    py2 = params[1]*torch.sin(params[5])\n",
    "\n",
    "    pz1 = params[0]*torch.sinh(params[8])\n",
    "    pz2 = params[1]*torch.sinh(params[9])\n",
    "                    \n",
    "    # Calculate energy for muon 1\n",
    "    E1 = torch.sqrt(px1**2 + py1**2 + pz1**2 + params[10]**2)\n",
    "    # Calculate energy for muon 2\n",
    "    E2 = torch.sqrt(px2**2 + py2**2 + pz2**2 + params[11]**2)\n",
    "    # Calculate invariant mass\n",
    "    invariant_mass_squared = (E1 + E2)**2 - (px1 + px2)**2 - (py1 + py2)**2 - (pz1 + pz2)**2\n",
    "    invariant_mass = torch.sqrt(invariant_mass_squared)\n",
    "\n",
    "    # Calculate constraint equations\n",
    "    constraint1 = params[0]*torch.cos(params[4]) + params[1]*torch.cos(params[5]) + params[2]*torch.cos(params[6]) + params[3]*torch.cos(params[7])\n",
    "    constraint2 = params[0]*torch.sin(params[4]) + params[1]*torch.sin(params[5]) + params[2]*torch.sin(params[6]) + params[3]*torch.sin(params[7])\n",
    "    constraint3 = invariant_mass - mass_z\n",
    "\n",
    "    # Combine constraint equations into a single tensor\n",
    "    constraints = torch.stack([constraint1, constraint2, constraint3])\n",
    "    print(constraints)\n",
    "    return constraints\n",
    "\n",
    "# Kinematic Fitter Initialization\n",
    "fitter = KinematicFitter(n_constraints=3, n_parameters=12)\n",
    "fitter.set_covariance_matrix(cov_matrix=covariance_matrix)\n",
    "ok = fitter.fit(measured_params=parameters, constraints=lambda parameters: constraint_equations(parameters))"
   ]
  },
  {
   "cell_type": "markdown",
   "metadata": {},
   "source": [
    "Trial 2"
   ]
  },
  {
   "cell_type": "code",
   "execution_count": 26,
   "metadata": {},
   "outputs": [
    {
     "name": "stdout",
     "output_type": "stream",
     "text": [
      "tensor([ 45.5411, -26.1582,  -0.8109], dtype=torch.float64,\n",
      "       grad_fn=<StackBackward0>)\n",
      "tensor([ 45.5411, -26.1582,  -0.8109], dtype=torch.float64,\n",
      "       grad_fn=<StackBackward0>)\n",
      "tensor([[0.0100, 0.0000, 0.0000, 0.0000, 0.0000, 0.0000, 0.0000, 0.0000, 0.0000,\n",
      "         0.0000, 0.0000, 0.0000],\n",
      "        [0.0000, 0.0100, 0.0000, 0.0000, 0.0000, 0.0000, 0.0000, 0.0000, 0.0000,\n",
      "         0.0000, 0.0000, 0.0000],\n",
      "        [0.0000, 0.0000, 0.0100, 0.0000, 0.0000, 0.0000, 0.0000, 0.0000, 0.0000,\n",
      "         0.0000, 0.0000, 0.0000],\n",
      "        [0.0000, 0.0000, 0.0000, 0.0100, 0.0000, 0.0000, 0.0000, 0.0000, 0.0000,\n",
      "         0.0000, 0.0000, 0.0000],\n",
      "        [0.0000, 0.0000, 0.0000, 0.0000, 0.0100, 0.0000, 0.0000, 0.0000, 0.0000,\n",
      "         0.0000, 0.0000, 0.0000],\n",
      "        [0.0000, 0.0000, 0.0000, 0.0000, 0.0000, 0.0100, 0.0000, 0.0000, 0.0000,\n",
      "         0.0000, 0.0000, 0.0000],\n",
      "        [0.0000, 0.0000, 0.0000, 0.0000, 0.0000, 0.0000, 0.0100, 0.0000, 0.0000,\n",
      "         0.0000, 0.0000, 0.0000],\n",
      "        [0.0000, 0.0000, 0.0000, 0.0000, 0.0000, 0.0000, 0.0000, 0.0100, 0.0000,\n",
      "         0.0000, 0.0000, 0.0000],\n",
      "        [0.0000, 0.0000, 0.0000, 0.0000, 0.0000, 0.0000, 0.0000, 0.0000, 0.0100,\n",
      "         0.0000, 0.0000, 0.0000],\n",
      "        [0.0000, 0.0000, 0.0000, 0.0000, 0.0000, 0.0000, 0.0000, 0.0000, 0.0000,\n",
      "         0.0100, 0.0000, 0.0000],\n",
      "        [0.0000, 0.0000, 0.0000, 0.0000, 0.0000, 0.0000, 0.0000, 0.0000, 0.0000,\n",
      "         0.0000, 0.0100, 0.0000],\n",
      "        [0.0000, 0.0000, 0.0000, 0.0000, 0.0000, 0.0000, 0.0000, 0.0000, 0.0000,\n",
      "         0.0000, 0.0000, 0.0000]], dtype=torch.float64)\n",
      "tensor([[141.7559, 232.9125,  -8.0770],\n",
      "        [232.9125, 426.7479,  -5.3010],\n",
      "        [ -8.0770,  -5.3010,  32.3413]], dtype=torch.float64)\n",
      "tensor([[ 8.5205e-01,  2.4385e-01,  8.3609e-01, -9.1332e-01,  2.6003e+01,\n",
      "         -2.7806e+01,  9.2508e+01, -6.4547e+01,  0.0000e+00,  0.0000e+00,\n",
      "          0.0000e+00,  0.0000e+00],\n",
      "        [-5.2346e-01,  9.6981e-01, -5.4860e-01,  4.0724e-01,  4.2326e+01,\n",
      "          6.9915e+00,  1.4098e+02, -1.4476e+02,  0.0000e+00,  0.0000e+00,\n",
      "          0.0000e+00,  0.0000e+00],\n",
      "        [ 9.0978e-01,  1.5763e+00,  0.0000e+00,  0.0000e+00, -1.5032e+01,\n",
      "          1.5032e+01,  0.0000e+00,  0.0000e+00,  3.7275e+01, -3.7275e+01,\n",
      "          2.1866e-03,  2.5127e-03]], dtype=torch.float64)\n",
      "tensor([[ 8.5205e-01, -5.2346e-01,  9.0978e-01],\n",
      "        [ 2.4385e-01,  9.6981e-01,  1.5763e+00],\n",
      "        [ 8.3609e-01, -5.4860e-01,  0.0000e+00],\n",
      "        [-9.1332e-01,  4.0724e-01,  0.0000e+00],\n",
      "        [ 2.6003e+01,  4.2326e+01, -1.5032e+01],\n",
      "        [-2.7806e+01,  6.9915e+00,  1.5032e+01],\n",
      "        [ 9.2508e+01,  1.4098e+02,  0.0000e+00],\n",
      "        [-6.4547e+01, -1.4476e+02,  0.0000e+00],\n",
      "        [ 0.0000e+00,  0.0000e+00,  3.7275e+01],\n",
      "        [ 0.0000e+00,  0.0000e+00, -3.7275e+01],\n",
      "        [ 0.0000e+00,  0.0000e+00,  2.1866e-03],\n",
      "        [ 0.0000e+00,  0.0000e+00,  2.5127e-03]], dtype=torch.float64)\n",
      "tensor([[141.7559, 232.9125,  -8.0770],\n",
      "        [232.9125, 426.7479,  -5.3010],\n",
      "        [ -8.0770,  -5.3010,  32.3413]], dtype=torch.float64)\n",
      "tensor([[ 8.5205e-01,  2.4385e-01,  8.3609e-01, -9.1332e-01,  2.6003e+01,\n",
      "         -2.7806e+01,  9.2508e+01, -6.4547e+01,  0.0000e+00,  0.0000e+00,\n",
      "          0.0000e+00,  0.0000e+00],\n",
      "        [-5.2346e-01,  9.6981e-01, -5.4860e-01,  4.0724e-01,  4.2326e+01,\n",
      "          6.9915e+00,  1.4098e+02, -1.4476e+02,  0.0000e+00,  0.0000e+00,\n",
      "          0.0000e+00,  0.0000e+00],\n",
      "        [ 9.0978e-01,  1.5763e+00,  0.0000e+00,  0.0000e+00, -1.5032e+01,\n",
      "          1.5032e+01,  0.0000e+00,  0.0000e+00,  3.7275e+01, -3.7275e+01,\n",
      "          2.1866e-03,  2.5127e-03]], dtype=torch.float64)\n",
      "tensor([[ 4.9676e+01],\n",
      "        [ 2.8671e+01],\n",
      "        [ 1.6862e+02],\n",
      "        [ 1.5850e+02],\n",
      "        [-5.5090e-01],\n",
      "        [ 1.3245e+00],\n",
      "        [-5.8069e-01],\n",
      "        [ 2.7222e+00],\n",
      "        [ 4.8212e-01],\n",
      "        [-1.1140e+00],\n",
      "        [ 1.0565e-01],\n",
      "        [ 1.0571e-01]], dtype=torch.float64, grad_fn=<ViewBackward0>)\n",
      "tensor([[ 45.5411],\n",
      "        [-26.1582],\n",
      "        [ -0.8109]], dtype=torch.float64, grad_fn=<ViewBackward0>)\n",
      "tensor([ 13.2768, -24.1959,  -3.9485], dtype=torch.float64,\n",
      "       grad_fn=<StackBackward0>)\n",
      "tensor([ 13.2768, -24.1959,  -3.9485], dtype=torch.float64,\n",
      "       grad_fn=<StackBackward0>)\n",
      "tensor([[0.0100, 0.0000, 0.0000, 0.0000, 0.0000, 0.0000, 0.0000, 0.0000, 0.0000,\n",
      "         0.0000, 0.0000, 0.0000],\n",
      "        [0.0000, 0.0100, 0.0000, 0.0000, 0.0000, 0.0000, 0.0000, 0.0000, 0.0000,\n",
      "         0.0000, 0.0000, 0.0000],\n",
      "        [0.0000, 0.0000, 0.0100, 0.0000, 0.0000, 0.0000, 0.0000, 0.0000, 0.0000,\n",
      "         0.0000, 0.0000, 0.0000],\n",
      "        [0.0000, 0.0000, 0.0000, 0.0100, 0.0000, 0.0000, 0.0000, 0.0000, 0.0000,\n",
      "         0.0000, 0.0000, 0.0000],\n",
      "        [0.0000, 0.0000, 0.0000, 0.0000, 0.0100, 0.0000, 0.0000, 0.0000, 0.0000,\n",
      "         0.0000, 0.0000, 0.0000],\n",
      "        [0.0000, 0.0000, 0.0000, 0.0000, 0.0000, 0.0100, 0.0000, 0.0000, 0.0000,\n",
      "         0.0000, 0.0000, 0.0000],\n",
      "        [0.0000, 0.0000, 0.0000, 0.0000, 0.0000, 0.0000, 0.0100, 0.0000, 0.0000,\n",
      "         0.0000, 0.0000, 0.0000],\n",
      "        [0.0000, 0.0000, 0.0000, 0.0000, 0.0000, 0.0000, 0.0000, 0.0100, 0.0000,\n",
      "         0.0000, 0.0000, 0.0000],\n",
      "        [0.0000, 0.0000, 0.0000, 0.0000, 0.0000, 0.0000, 0.0000, 0.0000, 0.0100,\n",
      "         0.0000, 0.0000, 0.0000],\n",
      "        [0.0000, 0.0000, 0.0000, 0.0000, 0.0000, 0.0000, 0.0000, 0.0000, 0.0000,\n",
      "         0.0100, 0.0000, 0.0000],\n",
      "        [0.0000, 0.0000, 0.0000, 0.0000, 0.0000, 0.0000, 0.0000, 0.0000, 0.0000,\n",
      "         0.0000, 0.0100, 0.0000],\n",
      "        [0.0000, 0.0000, 0.0000, 0.0000, 0.0000, 0.0000, 0.0000, 0.0000, 0.0000,\n",
      "         0.0000, 0.0000, 0.0000]], dtype=torch.float64)\n",
      "tensor([[4.5551e+02, 2.1354e+02, 5.1590e-02],\n",
      "        [2.1354e+02, 1.1293e+02, 9.6088e-02],\n",
      "        [5.1590e-02, 9.6088e-02, 9.6396e+00]], dtype=torch.float64)\n",
      "tensor([[ 8.5001e-01, -8.5448e-01,  3.8271e-01, -4.3466e-01,  2.6138e+01,\n",
      "         -1.4896e+01,  1.5574e+02, -1.4279e+02,  0.0000e+00,  0.0000e+00,\n",
      "          0.0000e+00,  0.0000e+00],\n",
      "        [-5.2676e-01,  5.1949e-01, -9.2387e-01,  9.0059e-01,  4.2178e+01,\n",
      "         -2.4501e+01,  6.4516e+01, -6.8916e+01,  0.0000e+00,  0.0000e+00,\n",
      "          0.0000e+00,  0.0000e+00],\n",
